32
14 camera/position/x camera/position/y camera/position/z camera/orientation/x camera/orientation/y camera/orientation/z camera/orientation/w object_eef/position/x object_eef/position/y object_eef/position/z object_eef/orientation/x object_eef/orientation/y object_eef/orientation/z object_eef/orientation/w

0.297755 0.614113 -0.292673 0.551979 -0.286995 -0.155105 0.767395 0.597332 -0.262672 0.797586 0.946559 -0.0411775 0.0612073 -0.31398 0.878231 0.0668455 0.194292 0.875742 -0.302311 0.2472 0.283858
0.585568 -0.317192 -0.340137 -0.163675 0.56622 0.686279 -0.426177 0.597332 -0.262672 0.797586 0.946559 -0.0411775 0.0612073 -0.31398 0.87916 0.076953 0.193913 -0.391877 0.854952 -0.339828 -0.00242703
-0.485019 -0.446613 -0.334934 0.353515 0.47699 0.738132 0.32042 0.597332 -0.262672 0.797586 0.946559 -0.0411775 0.0612073 -0.31398 0.862978 0.0627396 0.188959 0.473883 0.813619 -0.214685 0.259556
-0.588304 0.254427 -0.32916 0.565534 0.209204 0.437506 0.667078 0.597332 -0.262672 0.797586 0.946559 -0.0411775 0.0612073 -0.31398 0.862845 0.0360003 0.198021 0.839816 0.417728 -0.0431125 0.344026
-0.435393 0.26677 -0.632661 0.411483 0.117641 0.33993 0.83743 0.597332 -0.262672 0.797586 0.946559 -0.0411775 0.0612073 -0.31398 0.895239 0.0359726 0.102564 0.943073 0.299032 0.0296899 0.142519
-0.130543 -0.539204 -0.59984 0.153975 0.43871 0.865272 0.187428 0.597332 -0.262672 0.797586 0.946559 -0.0411775 0.0612073 -0.31398 0.89203 0.0343812 0.0958008 0.288239 0.939635 -0.138456 0.121794
0.412983 -0.371687 -0.595519 -0.0838946 0.466391 0.820022 -0.320945 0.597332 -0.262672 0.797586 0.946559 -0.0411775 0.0612073 -0.31398 0.891776 0.0350543 0.0990095 -0.267821 0.940987 -0.200186 0.0523456
0.435789 0.367329 -0.578595 0.356326 -0.307678 -0.394334 0.789219 0.597332 -0.262672 0.797586 0.946559 -0.0411775 0.0612073 -0.31398 0.909382 0.0647109 0.123005 0.823852 -0.524173 0.201056 0.0780178
0.210886 0.688239 0.053189 0.688305 -0.181008 -0.116696 0.692715 0.577693 -0.501145 0.522984 0.882044 0.0115482 0.187679 -0.432019 0.878231 0.0668455 0.194292 0.875742 -0.302311 0.2472 0.283858
0.684298 -0.255108 0.00491293 -0.33582 0.595524 0.611363 -0.39851 0.577693 -0.501145 0.522984 0.882044 0.0115482 0.187679 -0.432019 0.87916 0.076953 0.193913 -0.391877 0.854952 -0.339828 -0.00242703
-0.462307 -0.544952 0.0150305 0.278487 0.632797 0.668141 0.274957 0.577693 -0.501145 0.522984 0.882044 0.0115482 0.187679 -0.432019 0.862978 0.0627396 0.188959 0.473883 0.813619 -0.214685 0.259556
-0.662451 0.190079 0.0215873 0.587366 0.380083 0.404697 0.588862 0.577693 -0.501145 0.522984 0.882044 0.0115482 0.187679 -0.432019 0.862845 0.0360003 0.198021 0.839816 0.417728 -0.0431125 0.344026
-0.579978 0.363304 -0.312602 0.477355 0.281641 0.292443 0.779287 0.577693 -0.501145 0.522984 0.882044 0.0115482 0.187679 -0.432019 0.895239 0.0359726 0.102564 0.943073 0.299032 0.0296899 0.142519
-0.151113 -0.688039 -0.268047 0.0540033 0.583568 0.788514 0.186488 0.577693 -0.501145 0.522984 0.882044 0.0115482 0.187679 -0.432019 0.89203 0.0343812 0.0958008 0.288239 0.939635 -0.138456 0.121794
0.5525 -0.436194 -0.265313 -0.248449 0.533438 0.756426 -0.285549 0.577693 -0.501145 0.522984 0.882044 0.0115482 0.187679 -0.432019 0.891776 0.0350543 0.0990095 -0.267821 0.940987 -0.200186 0.0523456
0.513583 0.512012 -0.253516 0.525433 -0.248273 -0.370356 0.72465 0.577693 -0.501145 0.522984 0.882044 0.0115482 0.187679 -0.432019 0.909382 0.0647109 0.123005 0.823852 -0.524173 0.201056 0.0780178
0.0860965 0.926104 -0.0458493 0.665225 -0.182237 -0.10571 0.716303 0.305752 -0.544596 0.601219 0.893133 -0.0112579 0.188576 -0.408198 0.878231 0.0668455 0.194292 0.875742 -0.302311 0.2472 0.283858
0.922918 -0.137821 -0.101222 -0.319529 0.578631 0.619999 -0.422716 0.305752 -0.544596 0.601219 0.893133 -0.0112579 0.188576 -0.408198 0.87916 0.076953 0.193913 -0.391877 0.854952 -0.339828 -0.00242703
-0.426769 -0.812974 -0.0791083 0.274244 0.610301 0.693317 0.267646 0.305752 -0.544596 0.601219 0.893133 -0.0112579 0.188576 -0.408198 0.862978 0.0627396 0.188959 0.473883 0.813619 -0.214685 0.259556
-0.895825 0.0516016 -0.0696347 0.571784 0.363517 0.429818 0.596803 0.305752 -0.544596 0.601219 0.893133 -0.0112579 0.188576 -0.408198 0.862845 0.0360003 0.198021 0.839816 0.417728 -0.0431125 0.344026
-0.829967 0.268561 -0.41502 0.455525 0.271784 0.316687 0.786346 0.305752 -0.544596 0.601219 0.893133 -0.0112579 0.188576 -0.408198 0.895239 0.0359726 0.102564 0.943073 0.299032 0.0296899 0.142519
0.0213516 -0.893943 -0.367143 0.0508027 0.560201 0.808914 0.171032 0.305752 -0.544596 0.601219 0.893133 -0.0112579 0.188576 -0.408198 0.89203 0.0343812 0.0958008 0.288239 0.939635 -0.138456 0.121794
0.807432 -0.370229 -0.377648 -0.237767 0.511808 0.765567 -0.308911 0.305752 -0.544596 0.601219 0.893133 -0.0112579 0.188576 -0.408198 0.891776 0.0350543 0.0990095 -0.267821 0.940987 -0.200186 0.0523456
0.481544 0.768026 -0.377577 0.502558 -0.239056 -0.362099 0.747778 0.305752 -0.544596 0.601219 0.893133 -0.0112579 0.188576 -0.408198 0.909382 0.0647109 0.123005 0.823852 -0.524173 0.201056 0.0780178
-0.036504 0.700211 0.321491 0.800976 -0.292696 0.0437384 0.520436 0.467855 -0.58622 0.185302 -0.742263 0.0807204 -0.126885 0.653016 0.878231 0.0668455 0.194292 0.875742 -0.302311 0.2472 0.283858
0.725925 -0.0250484 0.285396 -0.338753 0.761012 0.380746 -0.401422 0.467855 -0.58622 0.185302 -0.742263 0.0807204 -0.126885 0.653016 0.87916 0.076953 0.193913 -0.391877 0.854952 -0.339828 -0.00242703
-0.26139 -0.646016 0.302693 0.416205 0.729837 0.534912 0.0893357 0.467855 -0.58622 0.185302 -0.742263 0.0807204 -0.126885 0.653016 0.862978 0.0627396 0.188959 0.473883 0.813619 -0.214685 0.259556
-0.669207 -0.0379603 0.30669 0.754248 0.383574 0.393353 0.35952 0.467855 -0.58622 0.185302 -0.742263 0.0807204 -0.126885 0.653016 0.862845 0.0360003 0.198021 0.839816 0.417728 -0.0431125 0.344026
-0.70881 0.271919 0.0166124 0.681289 0.281392 0.335557 0.58657 0.467855 -0.58622 0.185302 -0.742263 0.0807204 -0.126885 0.653016 0.895239 0.0359726 0.102564 0.943073 0.299032 0.0296899 0.142519
-0.00175627 -0.754763 0.0584059 0.170578 0.743109 0.645763 0.0409999 0.467855 -0.58622 0.185302 -0.742263 0.0807204 -0.126885 0.653016 0.89203 0.0343812 0.0958008 0.288239 0.939635 -0.138456 0.121794
0.6877 -0.312498 0.0505209 -0.239275 0.724863 0.552759 -0.334334 0.467855 -0.58622 0.185302 -0.742263 0.0807204 -0.126885 0.653016 0.891776 0.0350543 0.0990095 -0.267821 0.940987 -0.200186 0.0523456
0.404305 0.675379 0.0542191 0.646179 -0.393294 -0.181381 0.62839 0.467855 -0.58622 0.185302 -0.742263 0.0807204 -0.126885 0.653016 0.909382 0.0647109 0.123005 0.823852 -0.524173 0.201056 0.0780178