16
0.114239 -0.942817 0.485689 -0.377354 0.899172 -0.0439889 0.217162
0.291178 -0.759197 0.486317 -0.511436 0.844602 0.147443 0.0578043
0.447029 -0.754665 0.562364 -0.601748 0.792561 -0.0121272 0.0979739
0.587741 -0.720401 0.561479 -0.630266 0.755299 -0.146194 0.104474
0.707297 -0.339715 0.468697 -0.573237 0.80499 0.142541 -0.055422
0.823355 -0.298528 0.45017 -0.62272 0.778778 -0.0522768 0.0546947
0.90921 -0.317591 0.452365 -0.584288 0.804764 -0.0702864 0.0776048
0.835963 0.156696 0.419439 0.855836 -0.501465 0.0433581 -0.119157
0.77608 0.103665 0.629648 0.932409 0.0153633 0.0344539 -0.35943
0.822712 -0.0437205 0.591461 0.880223 0.000403554 0.102801 -0.463293
0.813321 -0.05375 0.504946 0.942855 0.0239857 0.0564978 -0.327501
0.713216 -0.405319 0.520818 0.931639 -0.121917 0.0234773 -0.341518
0.626715 -0.313369 0.533341 0.921613 0.0826537 -0.0787877 -0.370932
0.609478 -0.714806 0.468467 0.928293 -0.125826 0.080621 -0.3405
0.172438 -0.68218 0.384723 0.878661 -0.305583 0.099412 -0.353117
0.742824 -0.29628 0.5344 0.0731207 0.866955 -0.492481 -0.0224807